 #DATE Sun Dec 15 01:45:37 2019      
 #L          60 N        3600
 #TEMPS   1.8000000000000000        4.1000000000000005       1.00000000000000002E-002         231
 #SEEDS      156274         105
 #MCS       40000        2000          20
 #NOM MC-L-060-TEMP-1800-4100-0010
 ##########################################
 #L TEMP SUM SUME SUME2 VARE SUMM SUMAM SUMM2 VARM
          60   1.8000000000000000        199500.00000000000       -6683.9928421052628        44684643.280922309        8882.9676079228520        82.712982456140352        3383.6805213032580        11612564.016320802        11605722.578854013     
          60   1.8100000000000001        199500.00000000000       -6664.1367418546370        44421292.055739351        10573.541602417827       -27.945042606516292        3350.2204310776942        11467376.505704261        11466595.580297980     
          60   1.8200000000000001        199500.00000000000       -6651.4014436090229        44250375.397614032        9234.2335698381066        357.85977944862157        3370.7199498746868        11533259.117132831        11405195.495385814     
          60   1.8300000000000001        199500.00000000000       -6630.1848421052628        43970513.529022560        11162.488540172577       -346.67027568922305        3337.1308270676691        11375214.282827068        11255034.002780626     
          60   1.8400000000000001        199500.00000000000       -6619.2408421052633        43823403.924290724        9054.5984963327646        62.449243107769426        3368.8833082706765        11492728.258446116        11488828.350481384     
          60   1.8500000000000001        199500.00000000000       -6603.5766416040096        43615605.992661655        8381.5311235636473        88.705994987468671        3379.9202506265665        11515286.437353384        11507417.683806667     
          60   1.8600000000000001        199500.00000000000       -6583.5227468671683        43352024.536621556        9252.7781041339040        341.56056140350876        3361.9665563909775        11422844.516771929        11306180.899665650     
          60   1.8700000000000001        199500.00000000000       -6566.9892731829577        43134048.042025059        8699.9279250279069       -90.341894736842107        3368.4331428571427        11429505.304461153        11421343.646516511     
          60   1.8800000000000001        199500.00000000000       -6543.4982857142859        42828373.127779447        11003.312633648515       -224.18141353383459        3327.2689523809522        11249020.567258146        11198763.261084117     
          60   1.8900000000000001        199500.00000000000       -6527.0934335839602        42612812.281022556        9863.5902877077460       -301.27766416040100        3342.9457343358395        11288706.581593985        11197938.350672038     
          60   1.9000000000000001        199500.00000000000       -6508.5815939849626        42371127.994626567        9493.6290667280555       -720.07050626566411        3346.1968621553883        11279005.146566415        10760503.612572726     
          60   1.9100000000000001        199500.00000000000       -6485.2838897243109        42069860.245974936        10953.115657247603       -83.426065162907264        3316.5726716791978        11144098.694776943        11137138.786428377     
          60   1.9199999999999999        199500.00000000000       -6465.1636290726819        41809118.610606514        10777.859922260046        209.36005012531328        3317.0706265664162        11121473.951097744        11077642.320509270     
          60   1.9300000000000002        199500.00000000000       -6444.1269172932334        41537747.185884714        10975.459701523185       -461.30515288220550        3309.2335939849622        11070432.189012531        10857629.744936856     
          60   1.9399999999999999        199500.00000000000       -6424.1782055137846        41280453.098506264        10387.482307955623       -217.60751879699248        3315.0105463659147        11065382.299588973        11018029.267351989     
          60   1.9500000000000000        199500.00000000000       -6400.4960000000001        40977513.533433586        11164.487417586148       -220.38767919799500        3296.6385263157895        10971035.074105263        10922464.344962984     
          60   1.9600000000000000        199500.00000000000       -6378.2522706766913        40693236.111077696        11134.082685329020       -150.40030075187971        3293.5244310776943        10931396.416761905        10908776.166295649     
          60   1.9700000000000000        199500.00000000000       -6357.8866365914791        40432770.006776944        10047.523028433323       -96.597022556390982        3305.0031779448623        10947882.581513785        10938551.596747026     
          60   1.9800000000000000        199500.00000000000       -6330.7181553884711        40089378.411308274        11386.048343069851        282.09962907268169        3279.6793383458648        10820537.233363409        10740957.032640465     
          60   1.9900000000000000        199500.00000000000       -6307.3198596491229        39793243.724832080        10959.912907846272        220.92093233082707        3279.4779448621553        10790492.461614035        10741686.403272113     
          60   2.0000000000000000        199500.00000000000       -6281.8418446115293        39472747.576621555        11210.615909174085       -335.00893233082707        3268.1034486215540        10715711.589794487        10603480.605053047     
          60   2.0100000000000002        199500.00000000000       -6253.7067468671676        39121183.185804509        12335.109992578626       -287.61948872180449        3247.8730025062655        10603457.173493734        10520732.203201141     
          60   2.0200000000000000        199500.00000000000       -6225.5335538847121        38770616.922786966        13348.892242550850       -23.155528822055139        3225.3984160401001        10486746.595488722        10486210.416973693     
          60   2.0300000000000002        199500.00000000000       -6200.7530025062661        38461763.680882208        12425.882791735232       -282.69263157894738        3232.7501754385967        10478039.256501254        10398124.132552223     
          60   2.0400000000000000        199500.00000000000       -6171.8466365914783        38104554.884571426        12863.978965885937       -336.85573934837095        3218.2276892230575        10385246.002927318        10271774.213795381     
          60   2.0499999999999998        199500.00000000000       -6141.5945263157892        37732807.485192984        13624.159520924091        152.20083208020051        3199.4029974937343        10276616.077734336        10253450.984448431     
          60   2.0600000000000001        199500.00000000000       -6110.6209523809521        37354235.599558897        14547.175881803036       -156.60404010025061        3176.8896541353383        10154547.403047619        10130022.577671899     
          60   2.0700000000000003        199500.00000000000       -6082.0389373433582        37005117.395889722        13919.760528996587       -333.97539849624059        3177.5624060150376        10111745.624180451        10000206.057379728     
          60   2.0800000000000001        199500.00000000000       -6049.0683909774434        36605723.599558897        14495.200836464763       -207.36638596491227        3159.3880401002507        9999432.9136641603        9956432.0956360120     
          60   2.0899999999999999        199500.00000000000       -6016.8953182957393        36218107.357834585        15078.086505398154        90.613172932330826        3142.5748972431079        9891691.9568120297        9883481.2097031660     
          60   2.1000000000000001        199500.00000000000       -5981.5603609022555        35795078.726335838        16014.375218719244       -23.460330827067668        3117.3143859649122        9748733.1254135333        9748182.7382910177     
          60   2.1099999999999999        199500.00000000000       -5947.7257343358397        35391587.192701757        16145.781820952892        619.22395989974939        3103.8314987468671        9648358.0826065168        9264919.7700925898     
          60   2.1200000000000001        199500.00000000000       -5911.2632781954890        34960011.212992482        16977.668850004673        85.424571428571426        3079.9326215538849        9508202.2186065167        9500904.8612027615     
          60   2.1299999999999999        199500.00000000000       -5872.3738947368420        34502691.999278195        17916.839691445231        378.26453132832080        3053.8723709273181        9351651.9000902250        9208567.8444291912     
          60   2.1400000000000001        199500.00000000000       -5834.7258345864666        34062293.041483708        18267.476692967117        318.84910275689225        3034.1522807017545        9221482.9991378449        9119818.2488089688     
          60   2.1499999999999999        199500.00000000000       -5794.5891729323312        33596411.717854634        19148.034790039063       -143.44813032581453        3006.8854235588974        9057629.5072681699        9037052.1411741972     
          60   2.1600000000000001        199500.00000000000       -5752.5197593984958        33111605.539047617        20121.956777490675        196.36919298245613        2975.6897142857142        8877887.8347669169        8839326.9748143367     
          60   2.1699999999999999        199500.00000000000       -5708.4976641604007        32608254.129964910        21308.548240158707       -26.718827067669174        2941.3926115288223        8681315.2308170423        8680601.3350971695     
          60   2.1800000000000002        199500.00000000000       -5663.3639498746870        32096135.295598999        22444.066858783364        303.78434085213030        2905.8711979949876        8475882.0354887210        8383597.1097417576     
          60   2.1899999999999999        199500.00000000000       -5617.3018145363412        31577542.650706768        23462.975113496184       -409.94553383458646        2869.7802406015039        8267810.2038095240        8099754.8630985999     
          60   2.2000000000000002        199500.00000000000       -5566.5529824561399        31011431.675829574        24919.569338228554       -129.38592481203008        2821.5922807017546        8006632.7875288222        7989892.0699893581     
          60   2.2100000000000000        199500.00000000000       -5515.6288721804513        30448235.526736841        26073.671106245369       -240.77804511278197        2775.1699248120299        7750304.6021453636        7692330.5351370303     
          60   2.2200000000000002        199500.00000000000       -5456.5151478696744        29802038.809744362        28481.250813148916       -362.58787969924811        2702.4415538847120        7384283.7813533833        7252813.8108485872     
          60   2.2300000000000000        199500.00000000000       -5396.7019548872177        29155430.931248121        31038.941364604980       -16.338335839598997        2624.7244611528822        7007567.1071478697        7007300.1659298623     
          60   2.2400000000000002        199500.00000000000       -5334.6070375939853        28491243.174817044        33210.929269768298       -94.148641604010024        2541.5678897243106        6608781.9940852132        6599918.0273693325     
          60   2.2500000000000000        199500.00000000000       -5268.9675388471178        27797301.007879701        35282.082455046475        114.11438596491229        2439.1399097744361        6152767.5901353387        6139745.4970511897     
          60   2.2600000000000002        199500.00000000000       -5198.2178446115286        27059611.008882206        38142.248844482005       -212.18660651629074        2317.0936942355888        5638416.0627969922        5593392.9068120932     
          60   2.2700000000000000        199500.00000000000       -5128.5834786967416        26341777.813894738        39409.315933566540       -9.0993684210526311        2193.7641704260650        5131305.0221152883        5131222.2236096263     
          60   2.2800000000000002        199500.00000000000       -5041.6068972431076        25459124.582496241        41324.476166967303       -42.402395989974934        1981.7022055137845        4361788.5568521302        4359990.5936664399     
          60   2.2900000000000000        199500.00000000000       -4965.5556290726818        24698516.753403507        41774.047988109291        86.235478696741851        1815.1494235588973        3774817.3302656640        3767380.7724796077     
          60   2.2999999999999998        199500.00000000000       -4887.6487017543859        23929244.391538847        40134.559777513146        35.102766917293231        1629.6754987468671        3163546.0439699250        3162313.8397246753     
          60   2.3100000000000001        199500.00000000000       -4809.5918796992482        23170405.720942356        38231.671673405915       -27.618847117794488        1429.7117393483709        2552856.8883408522        2552094.0876247361     
          60   2.3200000000000003        199500.00000000000       -4742.1557694235589        22523676.991598997        35635.650121852756       -29.520731829573936        1263.3229974937344        2087596.1226065164        2086724.6489987627     
          60   2.3300000000000001        199500.00000000000       -4679.8084611528820        21933979.174416039        33371.941337931901       -54.617283208020048        1142.1669373433583        1750691.9849624061        1747708.9373373811     
          60   2.3399999999999999        199500.00000000000       -4620.7417142857139        21382372.265944861        31118.275804784149        7.0526716791979949        1017.9520601503759        1435012.3033182956        1434962.5631404810     
          60   2.3500000000000001        199500.00000000000       -4566.3512380952379        20880707.166957393        29143.537303481251       -12.261744360902256        918.85679197994989        1194590.8587268170        1194440.5083520447     
          60   2.3600000000000003        199500.00000000000       -4515.1854235588971        20414476.843869675        27577.434750936925        10.756090225563909        839.72503258145366        1015005.5677593985        1014889.8742824580     
          60   2.3700000000000001        199500.00000000000       -4467.0625363408517        19980831.710315790        26184.006735827774        21.670626566416040        764.25496741854636        857174.90283709276        856705.28678131173     
          60   2.3799999999999999        199500.00000000000       -4422.3984962406012        19582859.508691728        25251.049140598625       -9.0274987468671686        709.47561904761903        746295.55077694240        746214.05504331773     
          60   2.3900000000000001        199500.00000000000       -4376.5621453634085        19178613.164511278        24316.952283319086       -20.630566416040100        653.01001503759403        638390.15496741852        637964.53469677188     
          60   2.3999999999999999        199500.00000000000       -4335.2288721804507        18817782.951458648        23573.577271666378        10.594265664160401        612.06614536340851        565336.90803007514        565224.66956511233     
          60   2.4100000000000001        199500.00000000000       -4295.7963709273181        18476924.661253132        23058.200780816376        1.6252832080200501        579.86195488721808        508607.32302756893        508604.68148206268     
          60   2.4199999999999999        199500.00000000000       -4255.8069974937343        18134173.041884713        22279.841968078166        3.7973333333333334        539.37154887218048        443968.54319799499        443954.12345755054     
          60   2.4300000000000002        199500.00000000000       -4218.3294235588974        17816195.425684210        21892.300021469593       -6.5896842105263156        508.93063659147867        396943.98750877194        396900.56357077748     
          60   2.4399999999999999        199500.00000000000       -4182.4050125313279        17514141.448180452        21629.759333275259        2.7938947368421054        487.05173934837092        364120.60926315788        364112.80341535731     
          60   2.4500000000000002        199500.00000000000       -4147.0369122807015        17219014.055458646        21098.903639990836       -1.1879197994987469        465.13893734335841        333247.10514285712        333245.69398940710     
          60   2.4600000000000000        199500.00000000000       -4111.8682305764414        16928128.530927319        20668.185303483158        3.2335238095238097        444.36166416040101        304772.92852130329        304762.47284507653     
          60   2.4700000000000002        199500.00000000000       -4078.5762606516291        16655093.537283208        20309.223332181573       -1.9493634085213032        426.32805012531327        281131.75500751880        281127.95498982031     
          60   2.4800000000000000        199500.00000000000       -4045.1118596491228        16382972.898005012        20042.940931027755       -1.1708872180451129        408.93122807017545        259030.79454636591        259029.42356948854     
          60   2.4900000000000002        199500.00000000000       -4013.6687318295740        16129142.005253132        19605.316386712715        3.2992280701754386        395.86430075187968        242780.26498245614        242769.38007659710     
          60   2.5000000000000000        199500.00000000000       -3981.9818345864660        15875603.996070176        19424.665093578398       -3.9628270676691728        380.26760902255637        224188.50438095239        224172.80038258413     
          60   2.5099999999999998        199500.00000000000       -3951.4224761904761        15632901.633283207        19162.047939933836       -3.6238596491228070        366.90430075187970        208957.20994486214        208944.07758610562     
          60   2.5200000000000000        199500.00000000000       -3921.1994786967421        15394680.566536341        18875.214804738760       0.94849122807017539        357.09094736842104        198086.65948872181        198085.75985311207     
          60   2.5300000000000002        199500.00000000000       -3892.3809924812031        15169275.112260651        18645.321631696075       -2.2234486215538847        345.01737343358394        185643.84599498747        185638.90227121479     
          60   2.5400000000000000        199500.00000000000       -3862.4827067669171        14937284.297223058        18511.637149566785       9.95388471177944822E-002   334.14212531328320        174057.66165413533        174057.65174615325     
          60   2.5499999999999998        199500.00000000000       -3834.6518295739347        14722662.571789473        18107.917734747753        2.4244010025062654        326.30001002506265        166023.98632581453        166018.10860559359     
          60   2.5600000000000001        199500.00000000000       -3807.7794887218047        14517152.319679199        17967.684948710725      -0.14640601503759398        318.16030075187967        157535.33674185464        157535.31530713339     
          60   2.5700000000000003        199500.00000000000       -3779.5755588972429        14302764.966736842        17573.561323435977       0.42519298245614034        309.34621553884710        149160.17413533834        149159.99334626601     
          60   2.5800000000000001        199500.00000000000       -3753.6026466165413        14107092.450165413        17559.621478710324      -0.92945363408521309        300.26930325814538        140416.51691228070        140415.65302822279     
          60   2.5899999999999999        199500.00000000000       -3726.8564210526315        13906847.375077695        17388.591936465353       -1.4553082706766918        293.59180952380950        134561.83849624061        134559.72057407792     
          60   2.6000000000000001        199500.00000000000       -3702.3605614035087        13724508.443027569        17034.716391464695      -0.47128822055137842        287.20887218045112        128678.67550877194        128678.45339618511     
          60   2.6100000000000003        199500.00000000000       -3677.0592280701753        13537772.181413533        17007.614677499980       -1.7491328320802004        279.67596992481202        122284.73038596491        122281.67092030065     
          60   2.6200000000000001        199500.00000000000       -3651.8999498746866        13353208.517453633        16835.273558894172        2.0028471177944862        274.81890726817045        118034.82530325814        118030.81390668088     
          60   2.6299999999999999        199500.00000000000       -3627.8696942355891        13178128.948531328        16690.430178301409       -3.0368721804511276        268.96729824561402        112923.13531829574        112913.91272565535     
          60   2.6400000000000001        199500.00000000000       -3603.8013634085214        13003868.025664160        16483.758759042248       -1.5495438596491229        263.76017042606514        108794.62811027569        108792.22702410271     
          60   2.6499999999999999        199500.00000000000       -3580.5029373433586        12836337.166917292        16335.882592873648      -7.86967418546365843E-003   259.36083208020051        104996.92220551378        104996.92214358201     
          60   2.6600000000000001        199500.00000000000       -3557.4976441102758        12671990.950095238        16201.462245075032       -1.1529824561403508        253.73421553884711        100598.09736340852        100596.76799486436     
          60   2.6699999999999999        199500.00000000000       -3534.7231478696740        12510408.922065163        16141.189979465678       0.54466165413533829        248.87973934837092        96917.691548872186        96917.394892554701     
          60   2.6800000000000002        199500.00000000000       -3512.2717192982454        12351866.507548872        15813.877366619185      -0.72158395989974933        244.38035087719300        93353.641463659151        93353.120780247962     
          60   2.6899999999999999        199500.00000000000       -3490.1273583959901        12196726.202867167        15737.225042995065       0.32341854636591477        239.97717293233083        90088.389834586473        90088.285235030344     
          60   2.7000000000000002        199500.00000000000       -3469.0077593984961        12049670.735238096        15655.900471121073        1.1054736842105264        236.23249122807019        87282.661553884711        87281.439481818234     
          60   2.7100000000000000        199500.00000000000       -3447.6461152882207        11901730.162365915        15466.426103956997       0.62797994987468675        231.97609022556392        84204.040280701753        84203.645921884308     
          60   2.7200000000000002        199500.00000000000       -3426.5345162907270        11756581.478095237        15442.686763510108       0.13661152882205513        227.66004010025063        81191.691729323313        81191.673066613512     
          60   2.7300000000000000        199500.00000000000       -3405.7571528822054        11614448.269954886        15266.485546579584       -1.3601203007518796        224.72557393483709        79093.632441102760        79091.782513870246     
          60   2.7400000000000002        199500.00000000000       -3385.8445914786967        11479187.094696742        15243.497051199898      -0.99173934837092736        222.10722807017544        76974.425864661651        76973.442317726542     
          60   2.7500000000000000        199500.00000000000       -3365.1396691729324        11339280.723167920        15115.730126608163       -2.5410325814536341        218.50241604010026        74822.564290726819        74816.107444146808     
          60   2.7599999999999998        199500.00000000000       -3345.8937343358398        11210049.687739348        15044.806271517649       0.52477192982456144        215.19877694235589        72469.813854636595        72469.538469058258     
          60   2.7700000000000000        199500.00000000000       -3325.7630275689221        11075552.872661654        14853.157117251307        1.4364010025062657        211.40021052631579        69950.308551378446        69948.245303538439     
          60   2.7800000000000002        199500.00000000000       -3306.7990576441102        10949682.251629073        14762.243993097916       -1.4677694235588972        207.98768922305766        67865.414255639102        67863.259908558364     
          60   2.7900000000000000        199500.00000000000       -3287.7368822055137        10823885.654215539        14671.847601106390        1.3314686716791979        205.03663157894738        65943.117473684208        65941.344664860546     
          60   2.7999999999999998        199500.00000000000       -3268.8712581453633        10700031.986847118        14512.684518266469       0.17751378446115287        203.17141854636591        64653.483649122805        64653.452137979133     
          60   2.8100000000000001        199500.00000000000       -3251.1668771929826        10584477.236611528        14391.173254758120        1.5432481203007520        199.98753884711780        62648.196551378445        62645.814936617637     
          60   2.8200000000000003        199500.00000000000       -3233.1510375939852        10467634.694416041        14369.062520977110      -0.41342355889724308        197.02561403508773        60924.008040100249        60923.837121061195     
          60   2.8300000000000001        199500.00000000000       -3214.8705162907268        10349592.878436090        14200.441920686513      -0.16084210526315790        195.32900250626565        59825.655458646615        59825.629588463788     
          60   2.8399999999999999        199500.00000000000       -3197.0981253132832        10235637.617162907        14201.194281198084       -1.2320401002506265        193.01022556390978        58395.164270676694        58393.646347868067     
          60   2.8500000000000001        199500.00000000000       -3179.1537844611530        10121089.690065162        14070.904811490327       0.20711779448621553        190.19769423558898        56774.521984962405        56774.479087181615     
          60   2.8600000000000003        199500.00000000000       -3162.0730426065161        10012783.725954887        14077.799176055938       0.91597994987468667        188.75858646616541        55850.493533834589        55849.654514566020     
          60   2.8700000000000001        199500.00000000000       -3144.9139849624062        9904387.9712882210        13903.998476099223       0.23795488721804511        186.32842105263157        54358.994807017545        54358.938184489198     
          60   2.8799999999999999        199500.00000000000       -3128.8009223057643        9803240.6773734335        13845.465952031314      -0.39445614035087717        183.95874686716792        52997.419127819550        52997.263532172889     
          60   2.8900000000000001        199500.00000000000       -3112.1966716791981        9699521.4504260644        13753.327214986086       0.63245112781954882        181.30777944862155        51516.444571428568        51516.044576999491     
          60   2.9000000000000004        199500.00000000000       -3096.0380751879698        9599114.2261253130        13662.463111683726       0.22889223057644109        180.47340350877192        51046.359378446112        51046.306986792893     
          60   2.9100000000000001        199500.00000000000       -3079.4970827067668        9496836.3548070174        13534.072407530621      -0.81346365914786967        177.69995989974936        49611.393543859653        49610.731820734902     
          60   2.9199999999999999        199500.00000000000       -3063.2830877192982        9397201.7626466174        13498.487139539793      -0.25028571428571428        175.90045112781954        48534.452691729326        48534.390048790548     
          60   2.9300000000000002        199500.00000000000       -3047.9098345864663        9303252.6201102752        13498.260341374204       0.73145864661654136        174.46336842105262        47764.678877192986        47764.143845441278     
          60   2.9400000000000004        199500.00000000000       -3031.9594586466164        9206160.5798496231        13382.420972939581       0.84874185463659146        172.80573433583959        46771.115588972432        46770.395226236622     
          60   2.9500000000000002        199500.00000000000       -3017.0219147869675        9115768.8658446111        13347.631539791822      -0.57038596491228066        170.33118796992480        45537.502957393481        45537.177617244510     
          60   2.9600000000000000        199500.00000000000       -3001.0282305764413        9019416.4565814529        13246.015864687040      -0.70893233082706764        168.93774436090226        44689.201724310777        44688.699139261087     
          60   2.9699999999999998        199500.00000000000       -2986.4432681704261        8932026.9144862164        13183.520485760644      -8.40000000000000052E-002   167.46713784461153        43996.135879699250        43996.128823699248     
          60   2.9800000000000000        199500.00000000000       -2971.9094135338346        8845307.3767619040        13061.814510883763       0.24132330827067669        166.10798997493734        43186.367398496237        43186.309161557125     
          60   2.9900000000000002        199500.00000000000       -2956.7306666666668        8755372.1277593989        13115.892552286386      -0.33985964912280703        164.32047117794485        42368.588972431076        42368.473467849974     
          60   3.0000000000000000        199500.00000000000       -2942.1478295739348        8669229.4100852124        12995.559018597007       0.24737844611528823        162.94638596491228        41693.711558897245        41693.650362801643     
          60   3.0099999999999998        199500.00000000000       -2928.0539749373434        8586460.5974135343        12960.517267158255      -0.99161904761904762        161.77459649122807        41028.788611528820        41027.805303193221     
          60   3.0200000000000000        199500.00000000000       -2913.8082807017545        8503118.6603308264        12839.963644711301       0.48412030075187967        160.08281704260651        40182.044370927317        40181.809998461715     
          60   3.0300000000000002        199500.00000000000       -2899.7291428571430        8421306.3573333342        12877.255398312584       0.42687719298245613        158.65554887218045        39436.485593984966        39436.303369847075     
          60   3.0400000000000000        199500.00000000000       -2885.9656541353384        8341605.1120601501        12807.355211338960       0.24026065162907267        157.84555388471179        38977.332932330828        38977.275207150109     
          60   3.0499999999999998        199500.00000000000       -2872.1528421052631        8261982.5765213035        12720.628107963130      -0.27319298245614038        156.26505263157895        38310.293834586468        38310.219200180807     
          60   3.0600000000000001        199500.00000000000       -2858.3124411027570        8182587.1123408517        12637.101378049701       0.86883208020050129        155.01814536340851        37664.320441102755        37663.565571919171     
          60   3.0700000000000003        199500.00000000000       -2844.7635488721803        8105259.7804912282        12580.131499386393       0.30233583959899751        153.14039097744362        36823.114546365912        36823.023139406003     
          60   3.0800000000000001        199500.00000000000       -2831.8101654135339        8031708.2726015039        12559.459662077948      -0.32291729323308271        152.38288721804511        36421.226165413536        36421.121889835267     
          60   3.0899999999999999        199500.00000000000       -2818.7703057644112        7958007.9468270680        12541.910167875700      -0.17160902255639099        150.79306265664161        35690.262456140350        35690.233006483730     
          60   3.1000000000000001        199500.00000000000       -2805.2957593984961        7882166.0293132830        12481.731614097953       0.35811528822055139        150.33786466165412        35507.686255639099        35507.558009079439     
          60   3.1100000000000003        199500.00000000000       -2792.6298546365915        7811162.0403007520        12380.535293161869      -0.42832080200501255        148.97623057644111        34827.835328320805        34827.651869611378     
          60   3.1200000000000001        199500.00000000000       -2780.3670576441104        7742761.0078796996        12320.032647131011      -2.96240601503759415E-002   147.78457142857144        34316.024401002505        34316.023523417563     
          60   3.1299999999999999        199500.00000000000       -2767.0416842105265        7668801.8426867165        12282.160528089851      -3.06566416040100244E-002   146.43923809523810        33702.475228070172        33702.474288240497     
          60   3.1400000000000001        199500.00000000000       -2754.4496441102756        7599254.0750275692        12261.233088345267       0.29505764411027569        145.61972932330826        33233.014857142858        33232.927798129509     
          60   3.1500000000000004        199500.00000000000       -2743.0352882205516        7536487.6605112785        12245.068088074215       0.37026566416040102        144.80078195488721        32856.610005012531        32856.472908350472     
          60   3.1600000000000001        199500.00000000000       -2730.6828872180449        7468741.3537844615        12112.323238983750      -0.18691729323308270        143.81903759398497        32451.120781954887        32451.085843880377     
          60   3.1699999999999999        199500.00000000000       -2718.3833383458646        7401762.0451929821        12154.070996575058      -9.57694235588972403E-002   142.42751879699247        31850.370947368421        31850.361775585934     
          60   3.1800000000000002        199500.00000000000       -2706.3735137844610        7336564.7562907264        12107.160176675767      -0.28118295739348370        141.88795989974938        31596.886496240601        31596.807432385071     
          60   3.1900000000000004        199500.00000000000       -2694.3581954887218        7271569.8514285712        12003.765831329860      -0.15615037593984962        140.59037593984962        31022.340170426065        31022.315787486157     
          60   3.2000000000000002        199500.00000000000       -2682.5067869674185        7207827.6523308270        11984.990204563364       0.42665664160401001        139.75866666666667        30666.809563909774        30666.627528019948     
          60   3.2100000000000000        199500.00000000000       -2670.5733533834587        7143937.0328220548        11974.997020283714      -0.25238095238095237        139.01117794486217        30254.079699248119        30254.016003102995     
          60   3.2199999999999998        199500.00000000000       -2659.2631578947367        7083610.3538847119        11929.810948424973      -4.22656641604009994E-002   138.08499248120302        29936.343338345865        29936.341551959496     
          60   3.2300000000000000        199500.00000000000       -2648.2535538847119        7025081.0987468669        11834.213083860464       2.85112781954887234E-002   136.91755388471179        29407.843047619048        29407.842234726064     
          60   3.2400000000000002        199500.00000000000       -2636.3783258145363        6962346.4806817044        11855.803857047111      -0.36423057644110274        136.12663659147870        29098.411348370926        29098.278684458113     
          60   3.2500000000000000        199500.00000000000       -2625.7077092731829        6906113.5520401001        11772.577503474429      -1.67418546365914779E-002   135.71963909774436        28928.608401002508        28928.608120712812     
          60   3.2599999999999998        199500.00000000000       -2614.6603909774435        6848191.7609223062        11742.800775988027      -0.14356892230576440        134.57224060150375        28454.394807017543        28454.374194982091     
          60   3.2700000000000000        199500.00000000000       -2603.3091328320802        6788917.4593283208        11699.018241403624       0.51536842105263159        133.73676190476189        28104.531087719297        28104.265483109877     
          60   3.2800000000000002        199500.00000000000       -2592.6641002506267        6733492.6302957395        11585.493567347527       0.31122807017543858        133.10810025062656        27781.163368421054        27781.066505509389     
          60   3.2900000000000000        199500.00000000000       -2582.1623057644110        6679174.0949974936        11611.921686913818      -0.36541353383458647        132.17766416040101        27372.249062656643        27372.115535605935     
          60   3.2999999999999998        199500.00000000000       -2571.0242005012533        6621723.3313684212        11557.891805312596       0.59395488721804512        130.95305263157894        26881.937824561403        26881.585042153351     
          60   3.3100000000000001        199500.00000000000       -2560.3518395989977        6566926.4537343355        11524.911196364090       0.21305263157894735        130.35609022556392        26658.679659147871        26658.634267724046     
          60   3.3200000000000003        199500.00000000000       -2549.5899749373434        6511929.8916090224        11520.851308018900      -0.11645112781954887        129.78361904761906        26371.376000000000        26371.362439134831     
          60   3.3300000000000001        199500.00000000000       -2539.6789774436088        6461448.8782756897        11479.569806675427      -0.62147368421052629        129.03951879699247        26117.853834586465        26117.467605046299     
          60   3.3399999999999999        199500.00000000000       -2529.3381453634083        6408936.5814536344        11385.127863228321      -0.18804010025062656        128.63152882205515        25967.280300751881        25967.244941672579     
          60   3.3500000000000001        199500.00000000000       -2519.3257543859650        6358415.9512380948        11413.694525683299       0.58110275689223057        127.64817042606516        25594.058847117794        25593.721166703726     
          60   3.3600000000000003        199500.00000000000       -2508.4600501253135        6303732.7327117799        11360.909637089819       0.64104260651629075        126.62347869674186        25177.978987468672        25177.568051845305     
          60   3.3700000000000001        199500.00000000000       -2498.8798796992482        6255660.2811027570        11259.627937027253      -0.38365914786967420        126.04014035087719        24976.064120300751        24975.916925959005     
          60   3.3799999999999999        199500.00000000000       -2488.5610626566418        6204261.9661954883        11325.803624734282       0.41712280701754384        125.72310776942356        24805.619248120300        24805.445256684165     
          60   3.3900000000000001        199500.00000000000       -2479.4596892230575        6158918.8067769427        11198.456294842064      -0.10429072681704260        125.00113283208020        24564.543979949874        24564.533103394173     
          60   3.4000000000000004        199500.00000000000       -2469.6392380952379        6110299.3880701754        11181.421730548143       4.97944862155388496E-002   124.76660651629072        24424.938005012533        24424.935525521676     
          60   3.4100000000000001        199500.00000000000       -2459.8655438596493        6062165.2913082708        11226.797440342605      -0.20972431077694237        123.82821052631579        24041.426365914787        24041.382381628257     
          60   3.4199999999999999        199500.00000000000       -2450.2285714285713        6014745.2124711778        11125.160226280801      -0.15079699248120301        123.25610025062656        23872.315348370928        23872.292608637988     
          60   3.4300000000000002        199500.00000000000       -2440.4817243107768        5967062.9358997494        11111.889204846695      -0.18678696741854636        122.61309273182957        23584.789694235587        23584.754804864391     
          60   3.4400000000000004        199500.00000000000       -2431.2154987468671        5921852.1907167919        11043.389369814657      -6.60952380952380958E-002   122.32997493734335        23492.162305764410        23492.157937183911     
          60   3.4500000000000002        199500.00000000000       -2421.8733433583961        5876482.1917994991        11011.700529523194       0.27689223057644108        120.84910275689224        22953.550315789475        22953.473646482122     
          60   3.4600000000000000        199500.00000000000       -2412.6439699248122        5831864.4871378448        11013.561523286626      -0.17036591478696742        120.56908270676692        22876.275729323308        22876.246704778387     
          60   3.4699999999999998        199500.00000000000       -2403.7847619047620        5789223.9938245611        11042.812259027734      -6.63959899749373417E-002   120.14030075187969        22670.618847117796        22670.614438690311     
          60   3.4800000000000000        199500.00000000000       -2394.6843107769423        5745502.2306165416        10989.282335302792      -5.70827067669172905E-002   119.57156892230576        22430.925634085212        22430.922375649800     
          60   3.4900000000000002        199500.00000000000       -2385.0578847117795        5699457.2987669175        10956.185341089964       0.75916791979949871        119.53222055137844        22372.456641604011        22371.880305673560     
          60   3.5000000000000000        199500.00000000000       -2376.0128320802005        5656338.0207318300        10901.042522055097      -0.71854636591478693        118.79726315789473        22153.631378446116        22153.115069566145     
          60   3.5099999999999998        199500.00000000000       -2367.3450426065165        5615240.5108771930        10917.960123543628      -8.14436090225563875E-002   118.20360902255639        21935.387187969925        21935.380554908475     
          60   3.5200000000000000        199500.00000000000       -2358.7395689223058        5574521.0889624059        10868.734962620772       0.33151879699248121        117.53506766917293        21711.613253132833        21711.503348420072     
          60   3.5300000000000002        199500.00000000000       -2349.8779749373434        5532758.6693132836        10832.172217654064       0.31055639097744359        117.09796491228070        21540.297824561403        21540.201379289425     
          60   3.5400000000000000        199500.00000000000       -2341.7475488721802        5494668.9437994985        10887.361150634475      -0.11353383458646617        116.25572932330827        21240.689343358397        21240.676453426800     
          60   3.5499999999999998        199500.00000000000       -2332.3687619047619        5450730.6041102754        10786.562601123936      -0.31394486215538847        115.51366416040101        20934.172511278197        20934.073949901722     
          60   3.5600000000000001        199500.00000000000       -2324.3533032581454        5413296.2639398500        10677.985572798178      -0.14649624060150376        115.45835588972432        20929.623318295740        20929.601857147230     
          60   3.5700000000000003        199500.00000000000       -2315.7334937343358        5373364.2920100251        10742.678006992675       0.24905263157894736        114.78208521303259        20655.895157894738        20655.833130681443     
          60   3.5800000000000001        199500.00000000000       -2307.4251027568921        5334845.0806215536        10634.475788899697       0.20822055137844611        114.68405012531328        20650.736922305765        20650.693566507747     
          60   3.5899999999999999        199500.00000000000       -2299.1786265664159        5296998.0435889727        10775.686729142442      -1.01754385964912281E-002   113.86218546365915        20372.070877192982        20372.070773653431     
          60   3.6000000000000001        199500.00000000000       -2290.9824561403507        5259278.6492631575        10678.034920283593       0.19401503759398497        113.58278696741854        20253.287719298245        20253.250077463432     
          60   3.6100000000000003        199500.00000000000       -2281.9788671679198        5218118.7645914787        10691.214390495792      -2.02606516290726804E-002   112.88143358395990        20024.978546365914        20024.978135871908     
          60   3.6200000000000001        199500.00000000000       -2274.4579649122807        5183736.0485213036        10577.014368390664       0.21152882205513784        112.60268671679198        19886.166055137845        19886.121310695286     
          60   3.6299999999999999        199500.00000000000       -2266.4389373433582        5147243.3206215538        10497.863915462978       0.57485714285714284        112.26794987468672        19772.809223057644        19772.478762322949     
          60   3.6400000000000001        199500.00000000000       -2257.8437493734336        5108436.8307167916        10578.434132106602      -0.22079197994987468        111.88112280701755        19643.807959899750        19643.759210801341     
          60   3.6500000000000004        199500.00000000000       -2250.4054937343358        5074863.0945363408        10538.208306660876      -0.48485213032581453        111.27392481203007        19410.494837092730        19410.259755504449     
          60   3.6600000000000001        199500.00000000000       -2242.8168220551379        5040719.3727518795        10492.075458371080      -0.13151879699248120        110.81953884711780        19275.341092731829        19275.323795537868     
          60   3.6699999999999999        199500.00000000000       -2234.6675889724311        5004236.4583458649        10497.225142006762      -0.62937343358395992        110.44010025062657        19161.445373433584        19161.049262514684     
          60   3.6800000000000002        199500.00000000000       -2227.1488320802005        4970631.7103157891        10439.790079588071      -0.23837593984962405        109.98941353383459        18986.685473684211        18986.628650595510     
          60   3.6900000000000004        199500.00000000000       -2219.2559799498745        4935547.3907167921        10450.286173514090      -0.39035588972431079        109.38482205513785        18800.192481203008        18800.040103482366     
          60   3.7000000000000002        199500.00000000000       -2211.7955087719297        4902497.8132531326        10458.440629453398       0.33597994987468671        109.31546867167920        18719.224260651630        18719.111378124911     
          60   3.7100000000000000        199500.00000000000       -2204.1407719298245        4868635.5540852128        10399.011601810344       0.18040100250626567        108.59626065162907        18507.061192982455        18507.028648460750     
          60   3.7199999999999998        199500.00000000000       -2196.6550576441105        4835664.2438897239        10370.801616273820      -0.13006516290726816        108.12848120300752        18369.505203007520        18369.488286060918     
          60   3.7300000000000000        199500.00000000000       -2189.0854335839599        4802408.9045012528        10313.868971779011       2.45112781954887234E-002   108.00450125313283        18286.342676691729        18286.342075888970     
          60   3.7400000000000002        199500.00000000000       -2181.7592180451129        4770460.4393383460        10387.153813523240      -3.43859649122807030E-003   107.45881704260651        18105.291568922305        18105.291557098360     
          60   3.7500000000000000        199500.00000000000       -2174.0834285714286        4736958.0824862160        10319.328097318299       0.47614035087719297        107.21270175438596        18027.518135338345        18027.291425704610     
          60   3.7599999999999998        199500.00000000000       -2166.7837994987467        4705258.2276491225        10306.193878897466      -3.36842105263157887E-002   106.71699248120301        17880.767358395991        17880.766223769951     
          60   3.7700000000000000        199500.00000000000       -2159.8355689223058        4675182.2473784462        10292.562596505508       0.48655639097744363        106.42700751879700        17785.813172932332        17785.576435810730     
          60   3.7800000000000002        199500.00000000000       -2152.7830175438598        4644687.3122807015        10212.591655454598      -1.51177944862155387E-002   106.35781453634085        17761.443488721805        17761.443260174095     
          60   3.7900000000000000        199500.00000000000       -2145.1629473684211        4611965.2584260656        10241.187663693912       0.42386967418546367        105.62256641604010        17544.995669172931        17544.816003672237     
          60   3.7999999999999998        199500.00000000000       -2138.2159799498745        4582119.9977543857        10152.420841383748      -0.73924812030075193        105.70885213032581        17549.115508771931        17548.569020988562     
          60   3.8100000000000005        199500.00000000000       -2130.9841403508772        4551283.5506365914        10190.144209624268       0.17167919799498746        104.83826566416040        17249.789493734337        17249.760019987312     
          60   3.8200000000000003        199500.00000000000       -2124.6611729323308        4524312.8364912281        10127.736725040711       9.19498746867167954E-002   104.46059147869674        17132.702676691730        17132.694221912276     
          60   3.8300000000000001        199500.00000000000       -2117.2368120300753        4492867.5078095235        10175.789594247006       0.34149373433583957        104.28838095238095        17089.920120300751        17089.803502330160     
          60   3.8399999999999999        199500.00000000000       -2110.7040401002505        4465218.9284411026        10147.383545583114      -0.29040601503759400        104.08820050125313        17026.137263157896        17026.052927504326     
          60   3.8499999999999996        199500.00000000000       -2103.7598395989976        4435907.2508471180        10101.788137517869       0.23635087719298245        103.75715288220552        16907.943578947368        16907.887717210218     
          60   3.8600000000000003        199500.00000000000       -2096.5432581453633        4405607.6953182956        10114.062043519691       9.24912280701754436E-002   103.28994486215539        16766.589834586466        16766.581279959195     
          60   3.8700000000000001        199500.00000000000       -2090.1707669172933        4378966.4295939850        10152.594718358479       0.20500250626566416        102.93091729323308        16642.448862155390        16642.406836127815     
          60   3.8799999999999999        199500.00000000000       -2083.1266566416039        4349471.8981453637        10055.230534536764       0.14817042606516290        102.50079197994988        16519.608060150375        16519.586105675215     
          60   3.8899999999999997        199500.00000000000       -2076.8576641604009        4323427.5058847116        10089.748702915385      -0.26797994987468671        102.52029072681704        16504.898746867169        16504.826933613636     
          60   3.9000000000000004        199500.00000000000       -2070.2268070175437        4295908.8245413536        10069.792047299445       0.11081704260651629        101.78367919799499        16288.429233082707        16288.416952665775     
          60   3.9100000000000001        199500.00000000000       -2063.3042406015038        4267283.2336040102        10058.844319862314      -4.55639097744360913E-002   101.39227067669172        16141.546125313283        16141.544049243410     
          60   3.9199999999999999        199500.00000000000       -2056.6914486215537        4240021.2228170428        10041.507984017953      -0.39908771929824560        101.50880200501253        16200.653614035087        16200.494343027392     
          60   3.9299999999999997        199500.00000000000       -2050.4783558897243        4214479.1073684208        10017.619396193884      -0.30651629072681702        101.08907268170427        16060.048781954887        16059.954829718406     
          60   3.9400000000000004        199500.00000000000       -2043.7890526315789        4187053.4006215539        9979.7089648670517      -0.15173934837092731        100.83627067669173        15996.491909774437        15996.468884944592     
          60   3.9500000000000002        199500.00000000000       -2037.7431779448621        4162305.0592080201        9907.7999471942894      -0.55461654135338345        100.50166416040101        15854.365213032581        15854.057613524637     
          60   3.9600000000000000        199500.00000000000       -2031.1107969924813        4135316.6545964913        9905.5849370588548      -0.54965413533834584        100.15053634085213        15735.887318295740        15735.585198627245     
          60   3.9699999999999998        199500.00000000000       -2024.7201203007519        4109411.8648621552        9920.2993114641868      -0.53304260651629076        99.617253132832076        15613.098125313283        15612.813990892921     
          60   3.9800000000000004        199500.00000000000       -2018.6426666666666        4084837.5056842105        9919.2899970994331      -0.33833583959899749        99.628802005012531        15560.486636591479        15560.372165451121     
          60   3.9900000000000002        199500.00000000000       -2012.4249223057643        4059728.0318395989        9873.9639222375117       0.11869674185463659        99.386546365914782        15479.782416040100        15479.768327123573     
          60   4.0000000000000000        199500.00000000000       -2006.2227167919800        4034767.6288320804        9838.0394598869607       0.24515288220551379        98.958315789473687        15341.621293233082        15341.561193297428     
          60   4.0099999999999998        199500.00000000000       -1999.9278997493734        4009534.9322105264        9823.3280145865865       8.58746867167919786E-002   98.659087719298242        15299.591819548872        15299.584445087054     
          60   4.0200000000000005        199500.00000000000       -1994.0394987468671        3986021.3217844614        9827.7992218043655       0.39192982456140352        98.734345864661648        15297.510476190477        15297.356867203096     
          60   4.0300000000000002        199500.00000000000       -1988.1442005012532        3962559.6232180451        9842.2612312780693       6.43007518796992472E-002   98.243909774436091        15169.414817042607        15169.410682455915     
          60   4.0400000000000000        199500.00000000000       -1981.8460551378446        3937487.5271378448        9773.7408724082634      -0.26543358395989974        98.005463659147864        15081.899007518798        15081.828552531304     
          60   4.0499999999999998        199500.00000000000       -1976.0336641604010        3914517.1357994988        9808.0939043182880       0.17770426065162906        97.774275689223060        15022.334516290726        15022.302937486473     
          60   4.0600000000000005        199500.00000000000       -1970.0348872180450        3890747.5663558897        9710.1094996742904       5.01654135338345866E-002   97.462857142857146        14891.287097744362        14891.284581175647     
          60   4.0700000000000003        199500.00000000000       -1964.0709974937342        3867352.9257543860        9778.0425583538599       0.32751879699248121        97.233704260651635        14845.289463659148        14845.182195096764     
          60   4.0800000000000001        199500.00000000000       -1958.4831679197996        3845389.4897243106        9733.1706991367973      -0.10787969924812030        97.063989974937343        14796.217523809524        14796.205885780015     
          60   4.0899999999999999        199500.00000000000       -1952.2755488721805        3821117.7169323307        9737.8982081571594      -0.37391478696741853        96.897904761904755        14722.274606516290        14722.134794248377     
          60   4.1000000000000005        199500.00000000000       -1946.7718095238095        3799665.5746566416        9745.0963000343181      -0.71761403508771926        96.267047619047617        14564.884812030075        14564.369842126720     
